Proje 1

[22,27,16,2,18,6] -> Insertion Sort

Yukarı verilen dizinin sort türüne göre aşamalarını yazınız.

1-[22,27,16,2,18,6]
2-[22,16,27,2,18,6]
3-[16,22,27,2,18,6]
4-[16,22,2,27,18,6]
5-[16,2,22,27,18,6]
6-[2,16,22,27,18,6]
7-[2,16,22,18,27,6]
8-[2,16,18,22,27,6]
9-[2,16,18,22,6,27]
10-[2,16,18,6,22,27]
11-[2,16,6,18,22,27]
12-[2,6,16,18,22,27]

Big-O gösterimini yazınız.

Cevap : n² 

18 sayısı Average case'e örnektir.

[7,3,5,8,2,9,4,15,6] dizisinin Selection Sort'a göre ilk 4 adımını yazınız.

1-[7,3,5,8,2,9,4,15,6] 
2-[7,3,5,8,2,9,4,6,15] 
3-[7,3,5,8,2,6,4,9,15]
4-[7,3,5,4,2,6,8,9,15]
5-[6,3,5,4,2,7,8,9,15]
